807008
807008
354570
839726
607788
790591
143266
409345
431230
549781
624473
777043
368306
390904
722650
645253
578760
299556
42888
586301
643896
86535
402332
495077
600587
123290
424158
108482
282379
326855
633541
352723
142320
178895
341448
407925
451007
641236
406022
811923
154681
592403
531582
421763
291834
169894
528709
103376
352540
46295
347175
513030
706961
485951
496572
662835
304667
204413
368747
505532
268219
615792
248824
540281
821759
479904
838089
381145
564172
811613
420180
760225
181066
744962
477009
555841
1051458
859194
710887
224879
877681
37767
85675
212330
334738
56927
462764
431100
683225
526285
532590
541593
1203055
590355
567589
372275
469715
469879
794691
224483
643025
471577
404469
861253
846956
443719
1046036
694961
743030
233163
391741
932949
601210
534357
502240
678765
627533
1033453
169300
528066
469435
290055
437994
850456
609017
689885
750809
437067
563430
547523
473187
323218
184907
666201
654014
263305
278640
620355
329171
485900
328853
328893
366065
293401
570359
835189
482084
357534
342932
881193
770059
355303
532304
203684
874820
607046
469143
705447
771509
677057
531900
784588
280131
582577
583803
555463
400119
618903
217937
688703
356868
283409
190124
373222
84691
436770
480023
816074
644693
416010
366372
374674
505841
305274
464564
549968
626532
472029
210834
526193
469869
1101493
501770
483459
179876
415138
420060
991654
548956
489495
1011481
136115
349412
610429
522591
677869
1001855
215325
323273
1019642
528863
183602
115320
519239
100846
343387
913617
842524
229085
337907
8567
538412
566859
403206
558349
421081
289672
284003
443901
420292
999084
117352
217809
834826
81592
511071
237009
539576
586622
448360
183440
446581
466891
140862
387380
137549
579891
229534
45431
508517
217136
433127
595461
708306
560641
459168
416376
534942
453461
469092
317903
377597
93886
323571
651221
963310
125842
415963
796410
423207
735053
760599
618946
61662
202117
597948
839777
244299
470235
318993
492727
481387
140937
1059188
976325
400124
570291
223114
738737
255385
789929
208986
566595
85493
1208113
769280
535077
450943
1135619
295601
308095
562534
139594
412295
255764
833266
375835
673706
757262
467989
158072
551694
113797
122566
455411
357184
556238
364729
62533
484825
781829
461469
445688
331589
355463
443595
1081338
473100
383192
726466
557606
382638
692260
624879
735925
26723
261601
698523
366264
625485
739479
600658
144119
167137
285619
446580
733779
435648
625411
168820
575271
244484
278392
538995
440262
791332
716881
205766
470531
691402
410368
130403
349521
705838
364934
545383
208236
102835
78704
838759
400278
596119
734804
471326
36478
657094
584391
631238
293643
813191
446632
382973
687254
495604
578902
335893
384280
50246
623574
190510
324528
327226
317414
459703
458724
725199
300863
657740
658369
819362
530171
257223
550209
425191
595407
283027
500726
858788
1179415
231678
284447
430012
727260
308988
776324
280804
1013226
479925
674199
411729
468153
304354
451568
269434
356386
800217
152589
585415
169693
165913
493428
948752
746677
164812
483930
181256
613858
605923
176511
122627
37179
585424
157066
91951
634664
331338
727405
346783
248962
717032
158693
505893
550334
154458
684074
95832
850815
358088
431117
637013
519267
289463
428689
561012
532653
678412
633240
238455
427561
551754
378272
577240
390022
641051
409897
468621
847576
455602
889374
570588
872760
916056
498188
855772
678115
513209
984633
436046
347045
344429
272146
437416
281442
400658
813642
494300
247184
366782
852804
216211
474449
871868
259548
300585
173808
826399
400488
1016621
450863
496375
188092
38296
519116
304875
163611
441897
480844
737776
430556
772069
237965
318620
861809
177365
589038
798484
433421
1202050
240589
630875
673537
719008
1019458
680520
30384
496520
502849
498257
599413
394288
130434
234265
157771
335575
308853
163673
718622
439495
311471
974064
12249
500008
638884
336660
819490
336504
586113
578208
572658
515025
1149668
174928
451070
428126
1292134
821751
282927
550839
667590
777586
303345
320626
247845
728066
520741
122165
324010
713714
662311
270379
711713
254321
1180421
730772
587173
858236
147280
587453
794139
521218
357662
192588
232882
533715
584984
508195
723867
882908
475774
435156
1040445
718413
173423
194970
524025
900945
438155
436881
846642
897254
413888
478252
1317829
1117140
97081
849120
1147183
718719
602948
731322
719425
345057
175284
535247
562104
532214
236321
203099
343746
106331
363253
309735
186939
562667
1205753
676708
264160
1048773
746325
337049
792647
265899
367583
80882
477418
148829
298800
699757
1045145
251630
340688
207732
811162
691743
509663
144643
789758
498550
263149
204531
913062
889114
576151
244044
439219
610786
670706
425368
381629
506287
263777
284647
305821
387790
227859
969934
375640
309699
411165
643709
501578
688360
765382
179748
362787
456300
243515
535621
1081304
708095
826614
434235
475380
687219
273184
506736
724775
271136
215539
232344
403993
458297
388162
756745
416148
748630
600128
175500
1017793
688550
479908
655922
519528
343199
535449
1063034
626583
684531
1008217
583383
212806
782653
128585
415382
710124
641323
577409
843653
988473
308389
291401
394830
280333
829379
632007
323438
505789
237409
904290
368686
529647
620040
806916
697041
333362
540420
774750
769238
711974
249139
791802
706949
644349
539360
330046
527987
583979
183449
300107
576450
929794
550903
363634
518715
529782
770122
883029
43864
625686
510875
450624
865013
205661
954240
430452
118022
207450
891666
173419
691802
1037216
1213801
932870
666865
343659
591542
480924
775165
274112
640424
489776
530384
288045
155059
513633
677755
477295
392586
498162
106194
405054
266711
405157
95461
360775
593596
155011
154732
359215
825803
600002
891861
437223
324585
897218
196239
355534
1211629
770150
540181
709063
783643
432049
1061933
992734
1089849
191434
1026435
392075
407177
416041
545301
908847
566104
551392
356308
363478
260630
488804
103922
681692
768209
552719
251446
808479
621967
481428
392873
201604
463250
371838
99384
422570
556666
728629
373862
147765
844182
384785
396585
325242
435253
1069893
355740
161183
655767
554026
756930
685589
348189
414016
150548
354020
716877
235115
187240
654400
1006048
954281
738317
402008
153276
728495
682505
334920
895051
491398
510210
462135
445732
552617
318310
633411
199014
137815
529141
603968
419420
402135
609120
351276
661475
388127
477792
630437
613380
610677
510038
691660
316598
476517
356484
506180
653360
85839
548466
704356
389050
677463
116986
418870
260316
563028
480164
107057
617346
217090
50868
459512
171693
218330
406494
224383
617246
726593
388924
519540
443555
180794
219327
472181
752643
555522
552537
1007165
532956
408780
875533
536637
203285
537601
869470
299421
561378
912741
523292
457201
585005
1345534
688566
1057280
606015
688520
226310
755417
483128
903323
581899
616836
376820
472827
878439
407014
158892
523485
660631
415772
487513
421531
533940
301704
529453
593942
448858
349879
1031004
528383
864533
458046
597565
407033
760743
257836
697841
628302
392065
675933
628965
809417
193069
377045
